<?xml version="1.0"?>
<opencv_storage>
  <cameraMatrix type_id="opencv-matrix">
    <rows>3</rows>
    <cols>3</cols>
    <dt>d</dt>
    <data>
      4.5344779705523882e+02 0. 4.0511388389164688e+02 0.
  4.5685471438191252e+02 2.3437270888481396e+02 0. 0. 1.</data></cameraMatrix>
  <distCoeffs type_id="opencv-matrix">
    <rows>1</rows>
    <cols>5</cols>
    <dt>d</dt>
    <data>
      -4.3928816626037481e-01 2.3491222849935919e-01
      -6.1852301021928164e-04 1.1059606580070275e-04
  -2.6955444188537667e-02</data></distCoeffs>
</opencv_storage>
