<?xml version="1.0"?>
<opencv_storage>
<cameraMatrix type_id="opencv-matrix">
  <rows>3</rows>
  <cols>3</cols>
  <dt>d</dt>
  <data>
    3.0685128308786631e+02 0. 3.1665578487129721e+02 0.
    3.0964525825280600e+02 2.3522872797028347e+02 0. 0. 1.</data></cameraMatrix>
<distCoeffs type_id="opencv-matrix">
  <rows>1</rows>
  <cols>5</cols>
  <dt>d</dt>
  <data>
    -3.7314769778087980e-03 2.9745723624036561e-03
    1.0683219516669725e-04 -1.0144606920385749e-03
    -1.4684243071652061e-02</data></distCoeffs>
</opencv_storage>
