<?xml version="1.0"?>
<opencv_storage>
  <cameraMatrix type_id="opencv-matrix">
    <rows>3</rows>
    <cols>3</cols>
    <dt>d</dt>
    <data>
      4.5217568795522874e+02 0. 3.8729692501535260e+02 0.
  4.5546950525508686e+02 2.2728626197900155e+02 0. 0. 1.</data></cameraMatrix>
  <distCoeffs type_id="opencv-matrix">
    <rows>1</rows>
    <cols>5</cols>
    <dt>d</dt>
    <data>
      -4.4305384439679568e-01 2.6248950549697103e-01
      -2.6902637972520100e-04 -4.1088407920113716e-04
  -9.1819921081418537e-02</data></distCoeffs>
</opencv_storage>
